1, 40
2, 42
3, 43
4, 45
5, 47
6, 48
7, 47
8, 47
9, 47
10, 48
11, 48
12, 49
13, 49
14, 50
15, 51
16, 52
17, 52
18, 53
19, 53
20, 53
21, 54
22, 55
23, 55
24, 57
25, 56
26, 57
27, 58
28, 58
29, 58
30, 60
31, 59
32, 59
33, 58
34, 58
35, 57
36, 57
37, 57
38, 58
39, 57
40, 58
41, 57
42, 57
43, 57
44, 57
45, 57
46, 60
47, 59
48, 59
49, 59
50, 60
51, 60
52, 61
53, 59
54, 59
55, 59
56, 59
57, 57
58, 57
59, 58
60, 57
61, 54
62, 56
63, 56
64, 56
65, 56
66, 55
67, 56
68, 57
69, 56
70, 58
71, 56
72, 56
73, 56
74, 56
75, 56
76, 55
77, 57
78, 57
79, 57
80, 54
81, 53
82, 54
83, 51
84, 53
85, 51
86, 52
87, 53
88, 52
89, 52
90, 52
91, 51
92, 50
93, 49
94, 50
95, 49
96, 48
97, 50
98, 46
99, 46
100, 46
101, 42
102, 40
103, 39
104, 37
105, 35
106, 35
107, 33
108, 31
109, 31
110, 29
111, 29
112, 30
113, 32
114, 34
115, 32
116, 31
117, 30
118, 27
119, 26
120, 26
121, 26
122, 27
123, 27
124, 27
125, 27
126, 27
127, 26
128, 23
129, 23
130, 22
131, 20
132, 20
133, 20
134, 21
135, 21
136, 21
137, 22
138, 23
139, 25
140, 25
141, 28
142, 27
143, 27
144, 27
145, 27
146, 27
147, 27
148, 28
149, 28
150, 30
151, 30
152, 30
153, 30
154, 30
155, 28
156, 26
157, 26
158, 24
159, 24
160, 24
161, 24
162, 23
163, 23
164, 23
165, 22
166, 22
167, 22
168, 21
169, 21
170, 21
171, 21
172, 21
173, 21
174, 20
175, 20
176, 20
177, 18
178, 20
179, 18
180, 18
181, 17
182, 16
183, 16
184, 16
185, 16
186, 16
187, 16
188, 16
189, 15
190, 15
191, 15
192, 15
193, 15
194, 15
195, 15
196, 16
197, 16
198, 17
199, 19
200, 19
201, 18
202, 15
203, 15
204, 15
205, 15
206, 15
207, 15
208, 15
209, 15
210, 15
211, 15
212, 15
213, 15
214, 16
215, 16
216, 16
217, 16
218, 16
219, 16
220, 16
221, 16
222, 15
223, 15
224, 15
225, 15
226, 15
227, 15
228, 17
229, 16
230, 17
231, 17
232, 17
233, 18
234, 18
235, 18
236, 21
237, 23
238, 23
239, 23
240, 22
241, 22
242, 20
243, 18
244, 18
245, 17
246, 17
247, 17
248, 17
249, 17
250, 17
251, 17
252, 17
253, 17
254, 17
255, 17
256, 16
257, 16
258, 16
259, 15
260, 16
261, 16
262, 16
263, 16
264, 16
265, 17
266, 17
267, 18
268, 18
269, 18
270, 18
271, 18
272, 17
273, 17
274, 16
275, 16
276, 15
277, 15
278, 15
279, 17
280, 17
281, 17
282, 17
283, 16
284, 14
285, 14
286, 14
287, 11
288, 11
289, 12
290, 14
291, 14
292, 14
293, 14
294, 15
295, 15
296, 16
297, 16
298, 16
299, 16
300, 16
301, 17
302, 17
303, 18
304, 18
305, 19
306, 19
307, 18
308, 19
309, 19
310, 20
311, 20
312, 20
313, 21
314, 21
315, 21
316, 20
317, 21
318, 21
319, 21
320, 21
321, 21
322, 21
323, 21
324, 21
325, 21
326, 21
327, 20
328, 20
329, 23
330, 23
331, 23
332, 24
333, 25
334, 24
335, 24
336, 24
337, 24
338, 23
339, 23
340, 25
341, 23
342, 23
343, 23
344, 23
345, 23
346, 23
347, 23
348, 24
349, 23
350, 24
351, 21
352, 21
353, 22
354, 24
355, 24
356, 23
357, 25
358, 25
359, 25
360, 24
361, 24
362, 23
363, 23
364, 23
365, 22
366, 22
367, 21
368, 21
369, 21
370, 22
371, 23
372, 23
373, 24
374, 27
375, 27
376, 27
377, 27
378, 25
379, 26
380, 27
381, 26
382, 27
383, 27
384, 26
385, 26
386, 26
387, 25
388, 24
389, 24
390, 23
391, 23
392, 23
393, 22
394, 21
395, 22
396, 22
397, 22
398, 22
399, 22
400, 22
401, 22
402, 22
403, 22
404, 22
405, 22
406, 24
407, 22
408, 22
409, 22
410, 24
411, 23
412, 23
413, 23
414, 23
415, 21
416, 21
417, 21
418, 21
419, 21
420, 21
421, 21
422, 21
423, 21
424, 20
425, 20
426, 20
427, 20
428, 20
429, 21
430, 21
431, 22
432, 23
433, 23
434, 22
435, 23
436, 23
437, 21
438, 21
439, 21
440, 20
441, 21
442, 19
443, 20
444, 20
445, 20
446, 20
447, 20
448, 21
449, 21
450, 21
451, 22
452, 22
453, 23
454, 23
455, 23
456, 23
457, 23
458, 23
459, 23
460, 23
461, 24
462, 25
463, 25
464, 25
465, 25
466, 25
467, 28
468, 26
469, 29
470, 28
471, 27
472, 26
473, 26
474, 25
475, 28
476, 28
477, 28
478, 27
479, 26
480, 27
481, 27
482, 27
483, 27
484, 28
485, 28
486, 28
487, 28
488, 29
489, 29
490, 27
491, 29
492, 29
493, 28
494, 28
495, 29
496, 28
497, 28
498, 29
499, 29
500, 29
501, 29
502, 29
503, 28
504, 27
505, 27
506, 27
507, 27
508, 26
509, 26
510, 28
511, 28
512, 28
513, 28
514, 28
515, 28
516, 28
517, 29
518, 29
519, 30
520, 31
521, 31
522, 30
523, 29
524, 29
525, 29
526, 29
527, 29
528, 30
529, 32
530, 33
531, 33
532, 32
533, 34
534, 34
535, 34
536, 32
537, 35
538, 34
539, 34
540, 36
541, 39
542, 37
543, 37
544, 37
545, 39
546, 39
547, 40
548, 40
549, 40
550, 42
551, 40
552, 40
553, 40
554, 39
555, 39
556, 40
557, 40
558, 40
559, 40
560, 39
561, 39
562, 41
563, 42
564, 41
565, 40
566, 40
567, 41
568, 40
569, 40
570, 40
571, 42
572, 42
573, 42
574, 42
575, 42
576, 42
577, 43
578, 44
579, 44
580, 46
581, 45
582, 45
583, 46
584, 45
585, 44
586, 43
587, 45
588, 43
589, 42
590, 41
591, 44
592, 42
593, 41
594, 40
595, 41
596, 41
597, 39
598, 39
599, 39
600, 39
601, 39
602, 38
603, 38
604, 37
605, 38
606, 38
607, 37
608, 37
609, 37
610, 35
611, 37
612, 36
613, 36
614, 35
615, 35
616, 34
617, 33
618, 33
619, 32
620, 33
621, 33
622, 33
623, 33
624, 32
625, 32
626, 33
627, 35
628, 35
629, 34
630, 34
631, 34
632, 33
633, 33
634, 33
635, 33
636, 34
637, 31
638, 31
639, 31
640, 30
641, 29
642, 27
643, 28
644, 27
645, 27
646, 29
647, 29
648, 28
649, 27
650, 29
651, 29
652, 28
653, 28
654, 28
655, 28
656, 28
657, 28
658, 28
659, 28
660, 28
661, 28
662, 26
663, 24
664, 24
665, 24
666, 24
667, 24
668, 24
669, 25
670, 23
671, 23
672, 23
673, 21
674, 21
675, 19
676, 19
677, 19
678, 19
679, 21
680, 21
681, 21
682, 21
683, 19
684, 21
685, 20
686, 18
687, 17
688, 17
689, 16
690, 16
691, 16
692, 15
693, 17
694, 17
695, 17
696, 17
697, 17
698, 19
699, 19
700, 20
701, 20
702, 22
703, 22
704, 22
705, 22
706, 21
707, 21
708, 21
709, 21
710, 22
711, 23
712, 23
713, 23
714, 23
715, 21
716, 21
717, 21
718, 20
719, 19
720, 19
721, 17
722, 17
723, 17
724, 16
725, 16
726, 16
727, 16
728, 16
729, 17
730, 17
731, 17
732, 17
733, 17
734, 16
735, 18
736, 18
737, 17
738, 16
739, 16
740, 16
741, 16
742, 15
743, 15
744, 16
745, 16
746, 15
747, 12
748, 14
749, 14
750, 14
751, 13
752, 13
753, 13
754, 13
755, 13
756, 13
757, 12
758, 12
759, 12
760, 12
761, 13
762, 13
763, 13
764, 12
765, 12
766, 12
767, 12
768, 12
769, 12
770, 11
771, 11
772, 11
773, 11
774, 11
775, 11
776, 10
777, 10
778, 10
779, 10
780, 10
781, 10
782, 10
783, 10
784, 11
785, 11
786, 11
787, 11
788, 12
789, 12
790, 12
791, 13
792, 13
793, 13
794, 12
795, 11
796, 12
797, 12
798, 12
799, 13
800, 13
801, 12
802, 12
803, 13
804, 14
805, 13
806, 14
807, 14
808, 14
809, 14
810, 14
811, 14
812, 14
813, 14
814, 14
815, 14
816, 14
817, 14
818, 14
819, 14
820, 13
821, 15
822, 15
823, 14
824, 16
825, 16
826, 17
827, 17
828, 17
829, 17
830, 16
831, 16
832, 16
833, 17
834, 18
835, 20
836, 19
837, 19
838, 19
839, 20
840, 20
841, 20
842, 21
843, 22
844, 22
845, 22
846, 22
847, 22
848, 20
849, 20
850, 19
851, 19
852, 20
853, 20
854, 20
855, 20
856, 20
857, 20
858, 19
859, 19
860, 19
861, 19
862, 20
863, 20
864, 20
865, 21
866, 21
867, 22
868, 22
869, 22
870, 22
871, 22
872, 22
873, 22
874, 22
875, 22
876, 22
877, 22
878, 22
879, 22
880, 22
881, 22
882, 21
883, 21
884, 22
885, 23
886, 23
887, 25
888, 24
889, 24
890, 22
891, 22
892, 21
893, 21
894, 20
895, 20
896, 18
897, 18
898, 18
899, 18
900, 18
901, 17
902, 17
903, 16
904, 16
905, 16
906, 16
907, 18
908, 17
909, 16
910, 16
911, 16
912, 16
913, 17
914, 17
915, 17
916, 17
917, 17
918, 16
919, 17
920, 17
921, 17
922, 18
923, 20
924, 19
925, 19
926, 20
927, 20
928, 20
929, 20
930, 19
931, 20
932, 21
933, 21
934, 21
935, 22
936, 23
937, 21
938, 21
939, 21
940, 22
941, 21
942, 22
943, 21
944, 21
945, 21
946, 21
947, 21
948, 21
949, 22
950, 23
951, 22
952, 24
953, 24
954, 24
955, 24
956, 23
957, 22
958, 22
959, 23
960, 26
961, 26
962, 26
963, 26
964, 27
965, 26
966, 27
967, 28
968, 25
969, 25
970, 24
971, 22
972, 24
973, 23
974, 23
975, 23
976, 23
977, 23
978, 23
979, 23
980, 23
981, 22
982, 22
983, 24
984, 23
985, 23
986, 22
987, 22
988, 22
989, 22
990, 22
991, 22
992, 22
993, 22
994, 22
995, 24
996, 23
997, 25
998, 26
999, 26
1000, 29
1001, 29
1002, 28
1003, 27
1004, 27
1005, 27
1006, 27
1007, 26
1008, 27
1009, 27
1010, 27
1011, 27
1012, 27
1013, 27
1014, 26
1015, 27
1016, 27
1017, 27
1018, 27
1019, 27
1020, 27
1021, 27
1022, 28
1023, 28
1024, 29
1025, 28
1026, 27
1027, 27
1028, 30
1029, 30
1030, 31
1031, 31
1032, 32
1033, 31
1034, 31
1035, 32
1036, 32
1037, 31
1038, 31
1039, 31
1040, 31
1041, 34
1042, 33
1043, 32
1044, 32
1045, 31
1046, 32
1047, 32
1048, 32
1049, 33
1050, 32
1051, 32
1052, 31
1053, 30
1054, 30
1055, 30
1056, 30
1057, 30
1058, 29
1059, 30
1060, 28
1061, 28
1062, 28
1063, 27
1064, 27
1065, 29
1066, 27
1067, 29
1068, 29
1069, 28
1070, 28
1071, 28
1072, 27
1073, 28
1074, 27
1075, 28
1076, 29
1077, 29
1078, 31
1079, 31
1080, 30
1081, 29
1082, 29
1083, 30
1084, 29
1085, 30
1086, 30
1087, 30
1088, 29
1089, 28
1090, 29
1091, 30
1092, 32
1093, 31
1094, 31
1095, 31
1096, 31
1097, 31
1098, 32
1099, 30
1100, 31
1101, 32
1102, 34
1103, 34
1104, 33
1105, 33
1106, 32
1107, 32
1108, 33
1109, 35
1110, 33
1111, 34
1112, 32
1113, 31
1114, 31
1115, 32
1116, 31
1117, 29
1118, 29
1119, 30
1120, 28
1121, 28
1122, 29
1123, 28
1124, 28
1125, 27
1126, 28
1127, 26
1128, 26
1129, 26
1130, 26
1131, 26
1132, 26
1133, 25
1134, 25
1135, 23
1136, 23
1137, 22
1138, 22
1139, 22
1140, 22
1141, 21
1142, 21
1143, 19
1144, 19
1145, 15
1146, 17
1147, 17
1148, 17
1149, 17
1150, 17
1151, 18
1152, 18
1153, 18
1154, 18
1155, 18
1156, 17
1157, 16
1158, 16
1159, 16
1160, 16
1161, 16
1162, 16
1163, 16
1164, 15
1165, 15
1166, 15
1167, 15
1168, 15
1169, 15
1170, 15
1171, 15
1172, 15
1173, 15
1174, 14
1175, 14
1176, 14
1177, 13
1178, 12
1179, 12
1180, 11
1181, 11
1182, 11
1183, 11
1184, 11
1185, 10
1186, 10
1187, 10
1188, 10
1189, 10
1190, 9
1191, 7
1192, 7
1193, 7
1194, 7
1195, 7
1196, 7
1197, 6
1198, 5
1199, 5
1200, 3
1201, 3
1202, 3
1203, 2
1204, 2
1205, 2
1206, 2
1207, 2
1208, 2
1209, 2
1210, 2
1211, 2
1212, 2
1213, 2
1214, 2
1215, 3
1216, 3
1217, 3
1218, 3
1219, 3
1220, 3
1221, 3
1222, 3
1223, 3
1224, 3
1225, 3
1226, 3
1227, 3
1228, 3
1229, 3
1230, 3
1231, 3
1232, 3
1233, 3
1234, 3
1235, 3
1236, 3
1237, 3
1238, 3
1239, 3
1240, 3
1241, 3
1242, 3
1243, 3
1244, 3
1245, 3
1246, 3
1247, 3
1248, 3
1249, 3
1250, 3
1251, 3
1252, 3
1253, 4
1254, 3
1255, 3
1256, 3
1257, 3
1258, 3
1259, 3
1260, 3
1261, 3
1262, 3
1263, 3
1264, 3
1265, 3
1266, 3
1267, 4
1268, 4
1269, 4
1270, 4
1271, 4
1272, 4
1273, 4
1274, 4
1275, 5
1276, 5
1277, 5
1278, 5
1279, 5
1280, 5
1281, 5
1282, 5
1283, 5
1284, 5
1285, 7
1286, 7
1287, 7
1288, 7
1289, 7
1290, 7
1291, 8
1292, 9
1293, 9
1294, 10
1295, 10
1296, 10
1297, 9
1298, 9
1299, 9
1300, 9
1301, 9
1302, 9
1303, 9
1304, 9
1305, 9
1306, 9
1307, 10
1308, 10
1309, 10
1310, 11
1311, 11
1312, 11
1313, 10
1314, 10
1315, 10
1316, 10
1317, 10
1318, 9
1319, 9
1320, 9
1321, 9
1322, 9
1323, 8
1324, 8
1325, 8
1326, 9
1327, 9
1328, 8
1329, 8
1330, 8
1331, 8
1332, 7
1333, 7
1334, 7
1335, 7
1336, 7
1337, 7
1338, 7
1339, 7
1340, 7
1341, 7
1342, 7
1343, 7
1344, 7
1345, 8
1346, 8
1347, 8
1348, 8
1349, 8
1350, 9
1351, 10
1352, 10
1353, 9
1354, 10
1355, 10
1356, 9
1357, 9
1358, 8
1359, 8
1360, 8
1361, 9
1362, 10
1363, 10
1364, 10
1365, 10
1366, 11
1367, 12
1368, 12
1369, 12
1370, 12
1371, 12
1372, 12
1373, 12
1374, 12
1375, 12
1376, 12
1377, 12
1378, 12
1379, 12
1380, 11
1381, 10
1382, 10
1383, 11
1384, 11
1385, 10
1386, 10
1387, 10
1388, 10
1389, 10
1390, 10
1391, 10
1392, 10
1393, 11
1394, 10
1395, 11
1396, 11
1397, 11
1398, 11
1399, 10
1400, 11
1401, 11
1402, 11
1403, 13
1404, 13
1405, 13
1406, 12
1407, 12
1408, 12
1409, 12
1410, 12
1411, 13
1412, 13
1413, 14
1414, 15
1415, 15
1416, 15
1417, 15
1418, 15
1419, 15
1420, 14
1421, 13
1422, 13
1423, 14
1424, 14
1425, 13
1426, 14
1427, 14
1428, 15
1429, 14
1430, 14
1431, 14
1432, 15
1433, 15
1434, 15
1435, 15
1436, 15
1437, 17
1438, 18
1439, 18
1440, 19
1441, 19
1442, 20
1443, 20
1444, 19
1445, 18
1446, 19
1447, 19
1448, 19
1449, 20
1450, 20
1451, 20
1452, 20
1453, 20
1454, 19
1455, 19
1456, 18
1457, 19
1458, 19
1459, 19
1460, 18
1461, 18
1462, 19
1463, 19
1464, 19
1465, 19
1466, 20
1467, 20
1468, 20
1469, 22
1470, 22
1471, 22
1472, 22
1473, 23
1474, 25
1475, 25
1476, 25
1477, 24
1478, 25
1479, 25
1480, 25
1481, 24
1482, 23
1483, 23
1484, 23
1485, 23
1486, 24
1487, 25
1488, 24
1489, 23
1490, 23
1491, 24
1492, 24
1493, 24
1494, 24
1495, 25
1496, 25
1497, 25
1498, 24
1499, 24
1500, 25
1501, 24
1502, 24
1503, 24
1504, 24
1505, 23
1506, 23
1507, 24
1508, 25
1509, 25
1510, 25
1511, 24
1512, 24
1513, 24
1514, 25
1515, 25
1516, 26
1517, 26
1518, 26
1519, 27
1520, 26
1521, 27
1522, 27
1523, 26
1524, 26
1525, 26
1526, 28
1527, 28
1528, 29
1529, 29
1530, 30
1531, 30
1532, 31
1533, 32
1534, 31
1535, 32
1536, 31
1537, 30
1538, 30
1539, 29
1540, 30
1541, 29
1542, 28
1543, 28
1544, 28
1545, 29
1546, 29
1547, 30
1548, 31
1549, 29
1550, 30
1551, 29
1552, 28
1553, 28
1554, 29
1555, 28
1556, 31
1557, 31
1558, 31
1559, 31
1560, 30
1561, 30
1562, 30
1563, 31
1564, 32
1565, 32
1566, 34
1567, 35
1568, 35
1569, 35
1570, 36
1571, 35
1572, 37
1573, 37
1574, 38
1575, 38
1576, 39
1577, 38
1578, 38
1579, 39
1580, 38
1581, 38
1582, 40
1583, 39
1584, 37
1585, 37
1586, 37
1587, 37
1588, 36
1589, 36
1590, 36
1591, 37
1592, 37
1593, 37
1594, 37
1595, 36
1596, 35
1597, 35
1598, 38
1599, 38
1600, 38
1601, 39
1602, 37
1603, 36
1604, 37
1605, 37
1606, 37
1607, 37
1608, 38
1609, 36
1610, 35
1611, 35
1612, 35
1613, 35
1614, 35
1615, 35
1616, 32
1617, 31
1618, 31
1619, 30
1620, 30
1621, 30
1622, 30
1623, 30
1624, 30
1625, 31
1626, 30
1627, 30
1628, 31
1629, 31
1630, 30
1631, 29
1632, 27
1633, 29
1634, 30
1635, 32
1636, 33
1637, 34
1638, 34
1639, 35
1640, 36
1641, 37
1642, 38
1643, 39
1644, 39
1645, 40
1646, 40
1647, 39
1648, 40
1649, 40
1650, 40
1651, 40
1652, 40
1653, 40
1654, 40
1655, 40
1656, 40
1657, 39
1658, 41
1659, 39
1660, 39
1661, 39
1662, 39
1663, 38
1664, 38
1665, 38
1666, 36
1667, 36
1668, 35
1669, 33
1670, 33
1671, 33
1672, 33
1673, 33
1674, 33
1675, 33
1676, 32
1677, 30
1678, 31
1679, 30
1680, 31
1681, 31
1682, 32
1683, 32
1684, 30
1685, 30
1686, 30
1687, 30
1688, 30
1689, 31
1690, 31
1691, 31
1692, 31
1693, 29
1694, 29
1695, 28
1696, 28
1697, 28
1698, 28
1699, 28
1700, 28
1701, 29
1702, 29
1703, 30
1704, 29
1705, 29
1706, 29
1707, 30
1708, 30
1709, 29
1710, 29
1711, 29
1712, 30
1713, 30
1714, 30
1715, 29
1716, 29
1717, 28
1718, 27
1719, 27
1720, 25
1721, 25
1722, 25
1723, 25
1724, 25
1725, 27
1726, 25
1727, 23
1728, 22
1729, 22
1730, 22
1731, 22
1732, 22
1733, 21
1734, 22
1735, 22
1736, 22
1737, 21
1738, 21
1739, 21
1740, 21
1741, 22
1742, 22
1743, 22
1744, 22
1745, 22
1746, 22
1747, 21
1748, 20
1749, 19
1750, 19
1751, 18
1752, 19
1753, 20
1754, 19
1755, 22
1756, 21
1757, 22
1758, 22
1759, 22
1760, 24
1761, 25
1762, 25
1763, 25
1764, 26
1765, 26
1766, 26
1767, 26
1768, 25
1769, 24
1770, 25
1771, 25
1772, 25
1773, 27
1774, 28
1775, 27
1776, 27
1777, 26
1778, 26
1779, 26
1780, 26
1781, 26
1782, 26
1783, 26
1784, 26
1785, 26
1786, 27
1787, 28
1788, 29
1789, 28
1790, 29
1791, 28
1792, 28
1793, 28
1794, 28
1795, 29
1796, 28
1797, 26
1798, 27
1799, 27
1800, 29
1801, 28
1802, 28
1803, 29
1804, 28
1805, 29
1806, 27
1807, 26
1808, 26
1809, 27
1810, 27
1811, 27
1812, 28
1813, 30
1814, 30
1815, 30
1816, 30
1817, 30
1818, 30
1819, 30
1820, 30
1821, 31
1822, 30
1823, 29
1824, 29
1825, 28
1826, 27
1827, 26
1828, 26
1829, 26
1830, 26
1831, 26
1832, 26
1833, 26
1834, 27
1835, 25
1836, 26
1837, 27
1838, 27
1839, 30
1840, 28
1841, 28
1842, 28
1843, 28
1844, 29
1845, 30
1846, 30
1847, 32
1848, 34
1849, 34
1850, 34
1851, 34
1852, 33
1853, 34
1854, 35
1855, 37
1856, 37
1857, 37
1858, 37
1859, 35
1860, 35
1861, 34
1862, 35
1863, 35
1864, 32
1865, 32
1866, 30
1867, 30
1868, 32
1869, 32
1870, 32
1871, 32
1872, 32
1873, 32
1874, 31
1875, 32
1876, 30
1877, 32
1878, 32
1879, 32
1880, 31
1881, 31
1882, 30
1883, 30
1884, 30
1885, 29
1886, 29
1887, 28
1888, 29
1889, 29
1890, 28
1891, 30
1892, 28
1893, 27
1894, 27
1895, 26
1896, 27
1897, 27
1898, 26
1899, 26
1900, 26
1901, 26
1902, 24
1903, 23
1904, 23
1905, 23
1906, 22
1907, 21
1908, 20
1909, 18
1910, 18
1911, 18
1912, 18
1913, 18
1914, 17
1915, 17
1916, 17
1917, 17
1918, 17
1919, 17
1920, 17
1921, 15
1922, 17
1923, 16
1924, 16
1925, 16
1926, 16
1927, 16
1928, 16
1929, 17
1930, 17
1931, 17
1932, 17
1933, 17
1934, 17
1935, 16
1936, 16
1937, 15
1938, 15
1939, 15
1940, 15
1941, 15
1942, 15
1943, 17
1944, 16
1945, 16
1946, 16
1947, 15
1948, 15
1949, 14
1950, 14
1951, 14
1952, 11
1953, 11
1954, 12
1955, 12
1956, 12
1957, 10
1958, 10
1959, 8
1960, 8
1961, 8
1962, 9
1963, 9
1964, 10
1965, 11
1966, 12
1967, 12
1968, 12
1969, 12
1970, 12
1971, 12
1972, 12
1973, 12
1974, 12
1975, 12
1976, 12
1977, 12
1978, 12
1979, 12
1980, 12
1981, 13
1982, 13
1983, 13
1984, 13
1985, 13
1986, 13
1987, 13
1988, 13
1989, 14
1990, 14
1991, 14
1992, 15
1993, 15
1994, 15
1995, 14
1996, 14
1997, 13
1998, 12
1999, 12
2000, 12
2001, 12
2002, 12
2003, 12
2004, 13
2005, 13
2006, 11
2007, 13
2008, 13
2009, 13
2010, 14
2011, 14
2012, 16
2013, 16
2014, 17
2015, 17
2016, 17
2017, 17
2018, 17
2019, 18
2020, 18
2021, 19
2022, 19
2023, 17
2024, 17
2025, 17
2026, 17
2027, 17
2028, 17
2029, 17
2030, 17
2031, 17
2032, 16
2033, 16
2034, 16
2035, 16
2036, 17
2037, 17
2038, 17
2039, 17
2040, 17
2041, 17
2042, 16
2043, 15
2044, 15
2045, 13
2046, 13
2047, 13
2048, 16
2049, 16
2050, 17
2051, 17
2052, 17
2053, 18
2054, 17
2055, 16
2056, 16
2057, 15
2058, 15
2059, 15
2060, 15
2061, 16
2062, 16
2063, 16
2064, 16
2065, 17
2066, 17
2067, 18
2068, 17
2069, 18
2070, 18
2071, 18
2072, 18
2073, 18
2074, 20
2075, 19
2076, 19
2077, 18
2078, 20
2079, 20
2080, 22
2081, 23
2082, 23
2083, 24
2084, 24
2085, 23
2086, 22
2087, 22
2088, 22
2089, 22
2090, 22
2091, 23
2092, 23
2093, 24
2094, 24
2095, 24
2096, 25
2097, 24
2098, 25
2099, 25
2100, 26
2101, 26
2102, 26
2103, 27
2104, 28
2105, 28
2106, 28
2107, 28
2108, 30
2109, 30
2110, 30
2111, 30
2112, 30
2113, 31
2114, 30
2115, 29
2116, 30
2117, 30
2118, 29
2119, 29
2120, 29
2121, 27
2122, 27
2123, 29
2124, 29
2125, 29
2126, 29
2127, 30
2128, 30
2129, 30
2130, 31
2131, 32
2132, 31
2133, 32
2134, 31
2135, 31
2136, 30
2137, 31
2138, 32
2139, 35
2140, 34
2141, 34
2142, 33
2143, 33
2144, 33
2145, 36
2146, 36
2147, 36
2148, 38
2149, 38
2150, 38
2151, 38
2152, 37
2153, 35
2154, 36
2155, 35
2156, 36
2157, 35
2158, 34
2159, 34
2160, 33
2161, 33
2162, 33
2163, 33
2164, 34
2165, 31
2166, 29
2167, 29
2168, 28
2169, 28
2170, 28
2171, 27
2172, 26
2173, 25
2174, 24
2175, 24
2176, 22
2177, 23
2178, 25
2179, 25
2180, 25
2181, 23
2182, 22
2183, 21
2184, 20
2185, 20
2186, 20
2187, 20
2188, 19
2189, 19
2190, 19
2191, 20
2192, 20
2193, 19
2194, 19
2195, 18
2196, 18
2197, 18
2198, 18
2199, 18
2200, 18
2201, 18
2202, 19
2203, 19
2204, 21
2205, 20
2206, 22
2207, 20
2208, 19
2209, 20
2210, 18
2211, 18
2212, 18
2213, 20
2214, 20
2215, 19
2216, 20
2217, 20
